Group ID, Protocols, Destination Ports, Traffic Rate
0,0,0,4.0
0,0,1,6.0
0,0,2,9.0
0,0,3,8.0
0,0,4,5.0
0,0,5,1.0
0,0,6,13.0
0,0,7,12.0
0,0,8,6.0
0,0,9,8.0
0,0,10,12.0
0,0,11,1.0
0,0,12,3.0
0,0,13,9.0
0,0,14,1.0
0,0,15,8.0
0,0,16,11.0
0,0,17,7.0
0,0,18,2.0
0,0,19,10.0
0,0,20,1.0
0,0,21,7.0
0,0,22,10.0
0,0,23,5.0
0,0,24,7.0
0,0,25,3.0
0,0,26,1.0
0,0,27,4.0
0,0,28,4.0
0,0,29,4.0
0,0,30,12.0
0,0,31,3.0
0,0,32,9.0
0,0,33,2.0
0,0,34,9.0
0,0,35,2.0
0,0,36,3.0
0,0,37,10.0
0,0,38,13.0
0,0,39,2.0
0,0,40,12.0
0,0,41,7.0
0,0,42,14.0
0,0,43,14.0
0,0,44,5.0
0,0,45,14.0
0,0,46,5.0
0,0,47,8.0
0,0,48,13.0
0,0,49,14.0
0,0,50,4.0
0,0,51,2.0
0,0,52,13.0
0,0,53,11.0
0,0,54,6.0
0,0,55,1.0
0,0,56,14.0
0,0,57,4.0
0,0,58,1.0
0,0,59,8.0
0,0,60,5.0
0,0,61,11.0
0,0,62,10.0
0,0,63,6.0
0,0,64,12.0
0,0,65,8.0
0,0,66,13.0
0,0,67,14.0
0,0,68,5.0
0,0,69,11.0
0,0,70,10.0
0,0,71,10.0
0,0,72,13.0
0,0,73,11.0
0,0,74,5.0
0,0,75,12.0
0,0,76,9.0
0,0,77,8.0
0,0,78,10.0
0,0,79,11.0
0,0,80,3.0
0,0,81,4.0
0,0,82,7.0
0,0,83,4.0
0,0,84,4.0
0,0,85,10.0
0,0,86,10.0
0,0,87,9.0
0,0,88,8.0
0,0,89,14.0
0,0,90,9.0
0,0,91,4.0
0,0,92,11.0
0,0,93,14.0
0,0,94,3.0
0,0,95,6.0
0,0,96,12.0
0,0,97,13.0
0,0,98,11.0
0,0,99,4.0
0,1,0,3.0
0,1,1,1.0
0,1,2,2.0
0,1,3,8.0
0,1,4,11.0
0,1,5,10.0
0,1,6,11.0
0,1,7,11.0
0,1,8,14.0
0,1,9,6.0
0,1,10,2.0
0,1,11,10.0
0,1,12,9.0
0,1,13,12.0
0,1,14,12.0
0,1,15,11.0
0,1,16,7.0
0,1,17,2.0
0,1,18,3.0
0,1,19,11.0
0,1,20,3.0
0,1,21,12.0
0,1,22,14.0
0,1,23,11.0
0,1,24,11.0
0,1,25,7.0
0,1,26,3.0
0,1,27,12.0
0,1,28,14.0
0,1,29,11.0
0,1,30,14.0
0,1,31,10.0
0,1,32,13.0
0,1,33,10.0
0,1,34,3.0
0,1,35,9.0
0,1,36,9.0
0,1,37,5.0
0,1,38,12.0
0,1,39,7.0
0,1,40,11.0
0,1,41,8.0
0,1,42,8.0
0,1,43,6.0
0,1,44,6.0
0,1,45,13.0
0,1,46,11.0
0,1,47,14.0
0,1,48,3.0
0,1,49,1.0
0,1,50,12.0
0,1,51,11.0
0,1,52,14.0
0,1,53,14.0
0,1,54,6.0
0,1,55,10.0
0,1,56,6.0
0,1,57,1.0
0,1,58,3.0
0,1,59,12.0
0,1,60,2.0
0,1,61,3.0
0,1,62,1.0
0,1,63,9.0
0,1,64,1.0
0,1,65,10.0
0,1,66,12.0
0,1,67,7.0
0,1,68,4.0
0,1,69,2.0
0,1,70,14.0
0,1,71,5.0
0,1,72,4.0
0,1,73,3.0
0,1,74,3.0
0,1,75,8.0
0,1,76,6.0
0,1,77,3.0
0,1,78,2.0
0,1,79,1.0
0,1,80,11.0
0,1,81,11.0
0,1,82,2.0
0,1,83,8.0
0,1,84,3.0
0,1,85,4.0
0,1,86,14.0
0,1,87,8.0
0,1,88,5.0
0,1,89,9.0
0,1,90,9.0
0,1,91,10.0
0,1,92,7.0
0,1,93,11.0
0,1,94,1.0
0,1,95,10.0
0,1,96,14.0
0,1,97,4.0
0,1,98,10.0
0,1,99,11.0
1,0,0,10.0
1,0,1,2.0
1,0,2,13.0
1,0,3,9.0
1,0,4,13.0
1,0,5,11.0
1,0,6,13.0
1,0,7,12.0
1,0,8,14.0
1,0,9,14.0
1,0,10,2.0
1,0,11,1.0
1,0,12,13.0
1,0,13,12.0
1,0,14,9.0
1,0,15,7.0
1,0,16,14.0
1,0,17,6.0
1,0,18,7.0
1,0,19,10.0
1,0,20,10.0
1,0,21,3.0
1,0,22,7.0
1,0,23,3.0
1,0,24,10.0
1,0,25,12.0
1,0,26,11.0
1,0,27,5.0
1,0,28,1.0
1,0,29,3.0
1,0,30,2.0
1,0,31,1.0
1,0,32,6.0
1,0,33,2.0
1,0,34,4.0
1,0,35,4.0
1,0,36,1.0
1,0,37,5.0
1,0,38,11.0
1,0,39,11.0
1,0,40,3.0
1,0,41,8.0
1,0,42,2.0
1,0,43,8.0
1,0,44,4.0
1,0,45,10.0
1,0,46,3.0
1,0,47,9.0
1,0,48,6.0
1,0,49,9.0
1,0,50,4.0
1,0,51,6.0
1,0,52,13.0
1,0,53,9.0
1,0,54,14.0
1,0,55,9.0
1,0,56,1.0
1,0,57,2.0
1,0,58,3.0
1,0,59,3.0
1,0,60,7.0
1,0,61,8.0
1,0,62,14.0
1,0,63,4.0
1,0,64,6.0
1,0,65,11.0
1,0,66,9.0
1,0,67,12.0
1,0,68,10.0
1,0,69,11.0
1,0,70,1.0
1,0,71,10.0
1,0,72,10.0
1,0,73,11.0
1,0,74,11.0
1,0,75,8.0
1,0,76,11.0
1,0,77,2.0
1,0,78,6.0
1,0,79,12.0
1,0,80,10.0
1,0,81,5.0
1,0,82,7.0
1,0,83,10.0
1,0,84,10.0
1,0,85,6.0
1,0,86,4.0
1,0,87,9.0
1,0,88,10.0
1,0,89,6.0
1,0,90,6.0
1,0,91,14.0
1,0,92,6.0
1,0,93,13.0
1,0,94,12.0
1,0,95,5.0
1,0,96,8.0
1,0,97,14.0
1,0,98,1.0
1,0,99,2.0
1,1,0,2.0
1,1,1,6.0
1,1,2,11.0
1,1,3,6.0
1,1,4,6.0
1,1,5,5.0
1,1,6,6.0
1,1,7,1.0
1,1,8,2.0
1,1,9,9.0
1,1,10,5.0
1,1,11,7.0
1,1,12,12.0
1,1,13,4.0
1,1,14,8.0
1,1,15,14.0
1,1,16,13.0
1,1,17,5.0
1,1,18,10.0
1,1,19,4.0
1,1,20,1.0
1,1,21,2.0
1,1,22,5.0
1,1,23,8.0
1,1,24,7.0
1,1,25,1.0
1,1,26,6.0
1,1,27,10.0
1,1,28,6.0
1,1,29,10.0
1,1,30,3.0
1,1,31,2.0
1,1,32,11.0
1,1,33,11.0
1,1,34,12.0
1,1,35,9.0
1,1,36,8.0
1,1,37,9.0
1,1,38,9.0
1,1,39,11.0
1,1,40,7.0
1,1,41,3.0
1,1,42,12.0
1,1,43,11.0
1,1,44,2.0
1,1,45,11.0
1,1,46,5.0
1,1,47,6.0
1,1,48,12.0
1,1,49,13.0
1,1,50,5.0
1,1,51,7.0
1,1,52,3.0
1,1,53,1.0
1,1,54,7.0
1,1,55,5.0
1,1,56,2.0
1,1,57,12.0
1,1,58,1.0
1,1,59,5.0
1,1,60,5.0
1,1,61,13.0
1,1,62,4.0
1,1,63,4.0
1,1,64,2.0
1,1,65,6.0
1,1,66,12.0
1,1,67,4.0
1,1,68,7.0
1,1,69,2.0
1,1,70,1.0
1,1,71,6.0
1,1,72,2.0
1,1,73,8.0
1,1,74,13.0
1,1,75,10.0
1,1,76,6.0
1,1,77,13.0
1,1,78,3.0
1,1,79,14.0
1,1,80,6.0
1,1,81,10.0
1,1,82,2.0
1,1,83,4.0
1,1,84,4.0
1,1,85,6.0
1,1,86,13.0
1,1,87,3.0
1,1,88,2.0
1,1,89,6.0
1,1,90,11.0
1,1,91,9.0
1,1,92,1.0
1,1,93,12.0
1,1,94,7.0
1,1,95,1.0
1,1,96,2.0
1,1,97,11.0
1,1,98,13.0
1,1,99,14.0
2,0,0,10.0
2,0,1,2.0
2,0,2,5.0
2,0,3,13.0
2,0,4,13.0
2,0,5,9.0
2,0,6,5.0
2,0,7,10.0
2,0,8,2.0
2,0,9,3.0
2,0,10,8.0
2,0,11,10.0
2,0,12,13.0
2,0,13,4.0
2,0,14,8.0
2,0,15,10.0
2,0,16,2.0
2,0,17,13.0
2,0,18,6.0
2,0,19,7.0
2,0,20,5.0
2,0,21,6.0
2,0,22,3.0
2,0,23,2.0
2,0,24,14.0
2,0,25,10.0
2,0,26,8.0
2,0,27,14.0
2,0,28,7.0
2,0,29,14.0
2,0,30,2.0
2,0,31,13.0
2,0,32,8.0
2,0,33,4.0
2,0,34,12.0
2,0,35,13.0
2,0,36,4.0
2,0,37,5.0
2,0,38,11.0
2,0,39,14.0
2,0,40,13.0
2,0,41,9.0
2,0,42,9.0
2,0,43,5.0
2,0,44,6.0
2,0,45,6.0
2,0,46,12.0
2,0,47,8.0
2,0,48,8.0
2,0,49,5.0
2,0,50,10.0
2,0,51,3.0
2,0,52,2.0
2,0,53,3.0
2,0,54,8.0
2,0,55,5.0
2,0,56,8.0
2,0,57,14.0
2,0,58,7.0
2,0,59,2.0
2,0,60,11.0
2,0,61,3.0
2,0,62,2.0
2,0,63,3.0
2,0,64,14.0
2,0,65,10.0
2,0,66,13.0
2,0,67,3.0
2,0,68,13.0
2,0,69,9.0
2,0,70,12.0
2,0,71,14.0
2,0,72,12.0
2,0,73,9.0
2,0,74,7.0
2,0,75,7.0
2,0,76,8.0
2,0,77,13.0
2,0,78,5.0
2,0,79,12.0
2,0,80,9.0
2,0,81,9.0
2,0,82,3.0
2,0,83,7.0
2,0,84,3.0
2,0,85,7.0
2,0,86,6.0
2,0,87,7.0
2,0,88,13.0
2,0,89,14.0
2,0,90,10.0
2,0,91,8.0
2,0,92,5.0
2,0,93,8.0
2,0,94,4.0
2,0,95,9.0
2,0,96,13.0
2,0,97,13.0
2,0,98,14.0
2,0,99,5.0
2,1,0,14.0
2,1,1,12.0
2,1,2,3.0
2,1,3,4.0
2,1,4,12.0
2,1,5,5.0
2,1,6,8.0
2,1,7,1.0
2,1,8,1.0
2,1,9,13.0
2,1,10,9.0
2,1,11,4.0
2,1,12,2.0
2,1,13,8.0
2,1,14,12.0
2,1,15,6.0
2,1,16,8.0
2,1,17,2.0
2,1,18,6.0
2,1,19,3.0
2,1,20,11.0
2,1,21,13.0
2,1,22,9.0
2,1,23,14.0
2,1,24,2.0
2,1,25,11.0
2,1,26,8.0
2,1,27,14.0
2,1,28,9.0
2,1,29,5.0
2,1,30,10.0
2,1,31,5.0
2,1,32,12.0
2,1,33,10.0
2,1,34,13.0
2,1,35,13.0
2,1,36,3.0
2,1,37,13.0
2,1,38,11.0
2,1,39,9.0
2,1,40,9.0
2,1,41,7.0
2,1,42,8.0
2,1,43,8.0
2,1,44,9.0
2,1,45,9.0
2,1,46,10.0
2,1,47,2.0
2,1,48,10.0
2,1,49,7.0
2,1,50,6.0
2,1,51,6.0
2,1,52,4.0
2,1,53,12.0
2,1,54,9.0
2,1,55,2.0
2,1,56,7.0
2,1,57,4.0
2,1,58,13.0
2,1,59,13.0
2,1,60,2.0
2,1,61,12.0
2,1,62,10.0
2,1,63,3.0
2,1,64,12.0
2,1,65,8.0
2,1,66,12.0
2,1,67,13.0
2,1,68,8.0
2,1,69,10.0
2,1,70,4.0
2,1,71,3.0
2,1,72,10.0
2,1,73,3.0
2,1,74,11.0
2,1,75,14.0
2,1,76,6.0
2,1,77,13.0
2,1,78,13.0
2,1,79,8.0
2,1,80,3.0
2,1,81,10.0
2,1,82,7.0
2,1,83,13.0
2,1,84,1.0
2,1,85,2.0
2,1,86,7.0
2,1,87,2.0
2,1,88,9.0
2,1,89,7.0
2,1,90,11.0
2,1,91,10.0
2,1,92,4.0
2,1,93,4.0
2,1,94,13.0
2,1,95,4.0
2,1,96,3.0
2,1,97,9.0
2,1,98,11.0
2,1,99,4.0
3,0,0,7.0
3,0,1,1.0
3,0,2,1.0
3,0,3,9.0
3,0,4,11.0
3,0,5,8.0
3,0,6,4.0
3,0,7,1.0
3,0,8,13.0
3,0,9,1.0
3,0,10,7.0
3,0,11,6.0
3,0,12,12.0
3,0,13,5.0
3,0,14,5.0
3,0,15,9.0
3,0,16,4.0
3,0,17,2.0
3,0,18,11.0
3,0,19,6.0
3,0,20,1.0
3,0,21,6.0
3,0,22,7.0
3,0,23,7.0
3,0,24,14.0
3,0,25,4.0
3,0,26,6.0
3,0,27,5.0
3,0,28,14.0
3,0,29,5.0
3,0,30,7.0
3,0,31,7.0
3,0,32,9.0
3,0,33,6.0
3,0,34,9.0
3,0,35,14.0
3,0,36,8.0
3,0,37,10.0
3,0,38,14.0
3,0,39,9.0
3,0,40,13.0
3,0,41,4.0
3,0,42,5.0
3,0,43,5.0
3,0,44,10.0
3,0,45,3.0
3,0,46,7.0
3,0,47,3.0
3,0,48,14.0
3,0,49,14.0
3,0,50,11.0
3,0,51,6.0
3,0,52,3.0
3,0,53,14.0
3,0,54,13.0
3,0,55,3.0
3,0,56,13.0
3,0,57,7.0
3,0,58,2.0
3,0,59,1.0
3,0,60,14.0
3,0,61,7.0
3,0,62,6.0
3,0,63,11.0
3,0,64,4.0
3,0,65,2.0
3,0,66,2.0
3,0,67,11.0
3,0,68,6.0
3,0,69,5.0
3,0,70,9.0
3,0,71,12.0
3,0,72,2.0
3,0,73,9.0
3,0,74,4.0
3,0,75,8.0
3,0,76,10.0
3,0,77,2.0
3,0,78,11.0
3,0,79,12.0
3,0,80,5.0
3,0,81,2.0
3,0,82,6.0
3,0,83,1.0
3,0,84,11.0
3,0,85,7.0
3,0,86,4.0
3,0,87,9.0
3,0,88,6.0
3,0,89,13.0
3,0,90,14.0
3,0,91,8.0
3,0,92,14.0
3,0,93,1.0
3,0,94,9.0
3,0,95,7.0
3,0,96,10.0
3,0,97,1.0
3,0,98,1.0
3,0,99,10.0
3,1,0,3.0
3,1,1,9.0
3,1,2,5.0
3,1,3,13.0
3,1,4,3.0
3,1,5,7.0
3,1,6,14.0
3,1,7,1.0
3,1,8,5.0
3,1,9,5.0
3,1,10,11.0
3,1,11,14.0
3,1,12,8.0
3,1,13,14.0
3,1,14,14.0
3,1,15,9.0
3,1,16,3.0
3,1,17,3.0
3,1,18,2.0
3,1,19,5.0
3,1,20,5.0
3,1,21,3.0
3,1,22,14.0
3,1,23,11.0
3,1,24,13.0
3,1,25,14.0
3,1,26,9.0
3,1,27,1.0
3,1,28,4.0
3,1,29,7.0
3,1,30,1.0
3,1,31,12.0
3,1,32,1.0
3,1,33,10.0
3,1,34,6.0
3,1,35,14.0
3,1,36,8.0
3,1,37,7.0
3,1,38,6.0
3,1,39,7.0
3,1,40,13.0
3,1,41,6.0
3,1,42,14.0
3,1,43,1.0
3,1,44,7.0
3,1,45,7.0
3,1,46,7.0
3,1,47,2.0
3,1,48,11.0
3,1,49,4.0
3,1,50,7.0
3,1,51,10.0
3,1,52,3.0
3,1,53,10.0
3,1,54,7.0
3,1,55,11.0
3,1,56,12.0
3,1,57,7.0
3,1,58,9.0
3,1,59,7.0
3,1,60,5.0
3,1,61,4.0
3,1,62,6.0
3,1,63,2.0
3,1,64,2.0
3,1,65,13.0
3,1,66,11.0
3,1,67,11.0
3,1,68,7.0
3,1,69,8.0
3,1,70,11.0
3,1,71,8.0
3,1,72,1.0
3,1,73,2.0
3,1,74,10.0
3,1,75,9.0
3,1,76,6.0
3,1,77,14.0
3,1,78,7.0
3,1,79,14.0
3,1,80,1.0
3,1,81,10.0
3,1,82,13.0
3,1,83,12.0
3,1,84,7.0
3,1,85,14.0
3,1,86,6.0
3,1,87,1.0
3,1,88,7.0
3,1,89,3.0
3,1,90,12.0
3,1,91,2.0
3,1,92,4.0
3,1,93,12.0
3,1,94,14.0
3,1,95,3.0
3,1,96,14.0
3,1,97,14.0
3,1,98,2.0
3,1,99,11.0
4,0,0,12.0
4,0,1,12.0
4,0,2,14.0
4,0,3,13.0
4,0,4,7.0
4,0,5,4.0
4,0,6,9.0
4,0,7,7.0
4,0,8,1.0
4,0,9,10.0
4,0,10,4.0
4,0,11,9.0
4,0,12,13.0
4,0,13,8.0
4,0,14,13.0
4,0,15,8.0
4,0,16,6.0
4,0,17,1.0
4,0,18,2.0
4,0,19,8.0
4,0,20,6.0
4,0,21,12.0
4,0,22,1.0
4,0,23,10.0
4,0,24,9.0
4,0,25,10.0
4,0,26,8.0
4,0,27,8.0
4,0,28,3.0
4,0,29,9.0
4,0,30,12.0
4,0,31,6.0
4,0,32,3.0
4,0,33,3.0
4,0,34,6.0
4,0,35,14.0
4,0,36,2.0
4,0,37,13.0
4,0,38,9.0
4,0,39,1.0
4,0,40,4.0
4,0,41,7.0
4,0,42,7.0
4,0,43,1.0
4,0,44,1.0
4,0,45,12.0
4,0,46,3.0
4,0,47,7.0
4,0,48,11.0
4,0,49,7.0
4,0,50,5.0
4,0,51,4.0
4,0,52,9.0
4,0,53,12.0
4,0,54,1.0
4,0,55,11.0
4,0,56,2.0
4,0,57,13.0
4,0,58,12.0
4,0,59,4.0
4,0,60,10.0
4,0,61,8.0
4,0,62,2.0
4,0,63,6.0
4,0,64,4.0
4,0,65,9.0
4,0,66,1.0
4,0,67,3.0
4,0,68,14.0
4,0,69,13.0
4,0,70,11.0
4,0,71,3.0
4,0,72,3.0
4,0,73,8.0
4,0,74,12.0
4,0,75,12.0
4,0,76,2.0
4,0,77,11.0
4,0,78,3.0
4,0,79,2.0
4,0,80,14.0
4,0,81,8.0
4,0,82,1.0
4,0,83,7.0
4,0,84,8.0
4,0,85,1.0
4,0,86,4.0
4,0,87,9.0
4,0,88,2.0
4,0,89,11.0
4,0,90,6.0
4,0,91,3.0
4,0,92,2.0
4,0,93,9.0
4,0,94,12.0
4,0,95,12.0
4,0,96,4.0
4,0,97,12.0
4,0,98,7.0
4,0,99,13.0
4,1,0,6.0
4,1,1,10.0
4,1,2,12.0
4,1,3,2.0
4,1,4,9.0
4,1,5,9.0
4,1,6,14.0
4,1,7,14.0
4,1,8,13.0
4,1,9,9.0
4,1,10,13.0
4,1,11,2.0
4,1,12,8.0
4,1,13,2.0
4,1,14,14.0
4,1,15,12.0
4,1,16,6.0
4,1,17,11.0
4,1,18,2.0
4,1,19,9.0
4,1,20,7.0
4,1,21,12.0
4,1,22,10.0
4,1,23,11.0
4,1,24,5.0
4,1,25,13.0
4,1,26,11.0
4,1,27,2.0
4,1,28,13.0
4,1,29,6.0
4,1,30,6.0
4,1,31,6.0
4,1,32,9.0
4,1,33,7.0
4,1,34,2.0
4,1,35,3.0
4,1,36,7.0
4,1,37,6.0
4,1,38,11.0
4,1,39,13.0
4,1,40,5.0
4,1,41,13.0
4,1,42,6.0
4,1,43,12.0
4,1,44,9.0
4,1,45,4.0
4,1,46,6.0
4,1,47,13.0
4,1,48,12.0
4,1,49,7.0
4,1,50,12.0
4,1,51,7.0
4,1,52,5.0
4,1,53,10.0
4,1,54,3.0
4,1,55,10.0
4,1,56,5.0
4,1,57,7.0
4,1,58,13.0
4,1,59,6.0
4,1,60,11.0
4,1,61,3.0
4,1,62,7.0
4,1,63,8.0
4,1,64,11.0
4,1,65,9.0
4,1,66,6.0
4,1,67,3.0
4,1,68,7.0
4,1,69,4.0
4,1,70,1.0
4,1,71,7.0
4,1,72,1.0
4,1,73,6.0
4,1,74,4.0
4,1,75,5.0
4,1,76,4.0
4,1,77,3.0
4,1,78,5.0
4,1,79,8.0
4,1,80,13.0
4,1,81,8.0
4,1,82,8.0
4,1,83,2.0
4,1,84,3.0
4,1,85,14.0
4,1,86,6.0
4,1,87,6.0
4,1,88,10.0
4,1,89,8.0
4,1,90,1.0
4,1,91,8.0
4,1,92,8.0
4,1,93,9.0
4,1,94,3.0
4,1,95,8.0
4,1,96,2.0
4,1,97,7.0
4,1,98,9.0
4,1,99,10.0

